3
316 602 12 85
1186 356 11 84
262 663 12 91
877 600 13 80
186 644 15 87
807 231 13 95
1186 550 12 90
915 255 12 86
538 386 14 89
587 452 13 85
434 585 14 83
1046 554 10 84
588 115 13 92
604 488 14 89
604 436 10 86
74 193 13 89
471 197 14 82
52 404 11 91
1222 441 10 94
830 426 13 89
1060 670 12 93
852 566 12 86
710 241 13 85
1148 95 10 90
466 448 11 86
101 445 13 89
115 48 14 95
399 154 10 82
1094 399 13 93
482 242 12 80
1185 135 11 86
265 296 12 88
551 175 14 82
122 516 15 92
678 120 11 92
80 271 15 89
671 492 13 80
1192 488 12 88
146 610 10 81
384 264 10 89
131 71 13 93
802 202 10 94
330 515 14 91
114 183 10 84
694 598 15 82
568 134 10 93
61 582 14 88
1008 421 10 83
269 621 10 93
744 513 14 81