4
999 96 14 82
856 134 15 92
683 374 11 92
198 650 15 81
426 75 15 87
826 147 10 94
1187 202 10 84
1151 324 11 82
833 297 14 92
144 617 15 80
337 531 15 91
1188 481 15 84
883 129 12 87
1130 181 12 85
96 660 14 93
966 73 12 82
413 138 11 93
1020 618 10 94
73 457 11 84
467 143 14 92
347 424 14 94
83 57 14 92
954 188 13 94
359 364 14 88
816 325 11 81
344 72 13 91
903 430 11 83
63 537 12 84
876 300 14 90
519 575 13 85
898 364 12 93
123 56 15 93
507 125 10 81
770 592 11 83
1104 670 10 85
688 524 13 92
1032 484 13 89
591 497 12 81
845 356 10 93
435 105 10 93
547 550 15 95
447 479 14 88
738 367 13 94
384 201 13 95
54 583 15 88
1096 152 15 85
117 527 15 81
877 450 11 87
1171 217 11 92
520 626 12 92